752196383066554538
803746153296429066
801841616020570112
801842614559047771
816716132442570782
817418482164826149
817420640755384460
817457403858780181
818012434736480269
815332087200350218
815344440130404362
815332586968580108
815332931131146271
815332691712802886
819605190151110657
803914379489443880
803914678765092884
804189910805905468
817462083359604756
817465495967629352
817466571223203861
817467141082054727
816986533205770240
817488615231455272
818300782952710154
809384047309750312
809437350035587072
810157126722781214
788350250623828001
820366595057516554
820826568804007939
822009329124376579
824821884931407892
824821849904250881
824821867482578954
824821899800346665
824758143933743194
824822013780295741
824822053064015963
824822081644134440
824822097666506783
824836793446170624
824756107552489522
825182270402330625
825182284868354068
825182304221265962
825098020340236319
801841037537968137
824824587840913418
825476416094470185
825434624205127740
825436571431600162
825434859345936385
825434740920287262
825440991452201001
825439460258742313
825436495388868619
825434818614657046
825434832640933938
825434795034017822
825434774294102018
825434717372547092
825477577215967254
825434661731565568
825434646871015454
825434612686782514
825434677179449356
825439499248336949
825434691238625321
824824552302575656